"x"
4350
1630
13095
92
3632
346
770
2440
2476
70
4615
5385
3840
4326
5305
6435
4470
2730
2436
782
538
516
236
16011
5890
5101
11680
7332
2464
4435
3094
9880
8825
964
3240
5615
1908
4825
11144.2857142857
13020.375
12333
3454
14101.4516129032
14430
5500
3676
28600
16318
37480
29150
22086
27350
8757
5300
1012
5165
296
8435
12425
10360
9765
4310
4250
7380
7590
9405
7020
5500
2564
6980
7575
18995
39165
26800
31300
14230
4225
5165
7700
19540
5675
2782
2572
5307
2722
6975
2370
3554
4115
2346
4080
7840
4345
158
442
1126
156
2548
716
7325
6680
528
5928
2582
5300
4315
1734
2658
4711
14265
7379
82
5780
2478
