"RecordType","Survey","Quarter","Country","Ship","Gear","SweepLngt","GearEx","DoorType","StNo","HaulNo","Year","Month","Day","TimeShot","DepthStratum","HaulDur","DayNight","ShootLat","ShootLong","HaulLat","HaulLong","StatRec","Depth","HaulVal","HydroStNo","StdSpecRecCode","BySpecRecCode","DataType","Netopening","Rigging","Tickler","Distance","Warplngt","Warpdia","WarpDen","DoorSurface","DoorWgt","DoorSpread","WingSpread","Buoyancy","KiteDim","WgtGroundRope","TowDir","GroundSpeed","SpeedWater","SurCurDir","SurCurSpeed","BotCurDir","BotCurSpeed","WindDir","WindSpeed","SwellDir","SwellHeight","SurTemp","BotTemp","SurSal","BotSal","ThermoCline","ThClineDepth","CodendMesh","SecchiDepth","Turbidity","TidePhase","TideSpeed","PelSampType","MinTrawlDepth","MaxTrawlDepth","DateofCalculation"
"HH","SCOROC",3,"GB-SCT","748S","GOV",97,"I2","P",258,258,2023,9,3,600,"R4",28,"D",58.068,-14.273,58.047,-14.306,"45D5",344,"V","74SC0235",1,1,"P",4.5,NA,NA,3119,1065,28,NA,4.5,1100,111,21,186,0.7,NA,225,3.6,-9,231,0.2,NA,-9,236,8,236,2,14.1,9.2,35.27,35.28,NA,NA,NA,NA,NA,NA,NA,NA,NA,NA,20231107
"HH","SCOROC",3,"GB-SCT","748S","GOV",97,"I2","P",259,259,2023,9,3,849,"R2",30,"D",57.835,-13.878,57.852,-13.83,"44D6",170,"V",NA,1,1,"P",4.8,NA,NA,3430,540,28,NA,4.5,1100,102,20,186,0.7,NA,60,3.7,-9,57,0.3,NA,-9,215,6,215,3,-9,-9,-9,-9,NA,NA,NA,NA,NA,NA,NA,NA,NA,NA,20231107
"HH","SCOROC",3,"GB-SCT","748S","GOV",97,"I2","P",260,260,2023,9,3,1057,"R2",30,"D",57.884,-13.652,57.865,-13.609,"44D6",165,"V",NA,1,1,"P",5,NA,NA,3274,530,28,NA,4.5,1100,101,20,186,0.7,NA,140,3.5,-9,121,0.4,NA,-9,220,10,220,3.5,-9,-9,-9,-9,NA,NA,NA,NA,NA,NA,NA,NA,NA,NA,20231107
"HH","SCOROC",3,"GB-SCT","748S","GOV",97,"I2","P",261,261,2023,9,3,1333,"R3",30,"D",57.855,-13.094,57.827,-13.075,"44D6",235,"V","74SC0236",1,1,"P",4.8,NA,NA,3381,738,28,NA,4.5,1100,111,22,186,0.7,NA,160,3.7,-9,252,0.2,NA,-9,220,8,220,3,14.7,9.6,35.28,35.3,NA,NA,NA,NA,NA,NA,NA,NA,NA,NA,20231107
"HH","SCOROC",3,"GB-SCT","748S","GOV",97,"I2","P",262,262,2023,9,3,1619,"R1",30,"D",57.743,-13.432,57.763,-13.473,"44D6",145,"V","74SC0237",1,1,"P",5.2,NA,NA,3348,473,28,NA,4.5,1100,97,22,186,0.7,NA,320,3.6,-9,271,0.5,NA,-9,208,5,208,3,14.3,9.4,35.2,35.28,NA,NA,NA,NA,NA,NA,NA,NA,NA,NA,20231107
"HH","SCOROC",3,"GB-SCT","748S","GOV",97,"I2","P",263,263,2023,9,4,549,"R2",30,"D",57.758,-14.083,57.732,-14.11,"44D5",171,"V","74SC0238",1,1,"P",4.8,NA,NA,3317,548,28,NA,4.5,1100,106,22,186,0.7,NA,212,3.6,-9,311,0.2,NA,-9,215,10,215,3,14.1,9.3,35.2,35.28,NA,NA,NA,NA,NA,NA,NA,NA,NA,NA,20231107
"HH","SCOROC",3,"GB-SCT","748S","GOV",97,"I2","P",264,264,2023,9,4,745,"R1",30,"D",57.616,-13.939,57.585,-13.946,"44D6",149,"V",NA,1,1,"P",4.9,NA,NA,3486,480,28,NA,4.5,1100,104,22,186,0.7,NA,189,3.7,-9,67,0.5,NA,-9,221,12,221,3,-9,-9,-9,-9,NA,NA,NA,NA,NA,NA,NA,NA,NA,NA,20231107
"HH","SCOROC",3,"GB-SCT","748S","GOV",97,"I2","P",265,265,2023,9,4,935,"R1",30,"D",57.684,-13.743,57.684,-13.682,"44D6",135,"V",NA,1,1,"P",4.8,NA,NA,3605,440,28,NA,4.5,1100,100,22,186,0.7,NA,105,3.9,-9,110,0.6,NA,-9,220,10,220,2.5,-9,-9,-9,-9,NA,NA,NA,NA,NA,NA,NA,NA,NA,NA,20231107
"HH","SCOROC",3,"GB-SCT","748S","GOV",97,"I2","P",266,266,2023,9,4,1217,"R2",30,"D",57.599,-13.447,57.586,-13.394,"44D6",158,"V","74SC0239",1,1,"P",5,NA,NA,3494,468,28,NA,4.5,1100,98,22,186,0.7,NA,135,3.8,-9,148,0.2,NA,-9,225,12,225,3.5,14,9.5,35.21,35.29,NA,NA,NA,NA,NA,NA,NA,NA,NA,NA,20231107
"HH","SCOROC",3,"GB-SCT","748S","GOV",97,"I2","P",267,267,2023,9,4,1425,"R2",30,"D",57.463,-13.574,57.433,-13.589,"43D6",160,"V",NA,1,1,"P",4.7,NA,NA,3434,510,28,NA,4.5,1100,102,20,186,0.7,NA,200,3.7,-9,198,0.2,NA,-9,220,10,220,3,-9,-9,-9,-9,NA,NA,NA,NA,NA,NA,NA,NA,NA,NA,20231107
"HH","SCOROC",3,"GB-SCT","748S","GOV",97,"I2","P",268,268,2023,9,4,1626,"R1",30,"D",57.532,-13.711,57.535,-13.768,"44D6",134,"V","74SC0240",1,1,"P",4.9,NA,NA,3459,430,28,NA,4.5,1100,97,20,186,0.7,NA,278,3.7,-9,249,0.2,NA,-9,215,10,215,2,14.5,9.5,35.22,34.49,NA,NA,NA,NA,NA,NA,NA,NA,NA,NA,20231107
"HH","SCOROC",3,"GB-SCT","748S","GOV",97,"I2","P",269,269,2023,9,5,549,"R2",30,"D",57.589,-14.168,57.566,-14.213,"44D5",180,"V","74SC0241",1,1,"P",4.7,NA,NA,3465,570,28,NA,4.5,1100,106,20,186,0.7,NA,235,3.7,-9,333,0.5,NA,-9,68,6,68,1,14.4,9.2,35.19,35.28,NA,NA,NA,NA,NA,NA,NA,NA,NA,NA,20231107
"HH","SCOROC",3,"GB-SCT","748S","GOV",97,"I2","P",270,270,2023,9,5,729,"R2",25,"D",57.444,-14.286,57.419,-14.288,"43D5",189,"V",NA,1,1,"P",4.9,NA,NA,2864,610,28,NA,4.5,1100,105,21,186,0.7,NA,182,3.7,-9,43,0.3,NA,-9,88,5,88,0.6,-9,-9,-9,-9,NA,NA,NA,NA,NA,NA,NA,NA,NA,NA,20231107
"HH","SCOROC",3,"GB-SCT","748S","GOV",97,"I2","P",271,271,2023,9,5,939,"R2",30,"D",57.304,-14.217,57.276,-14.243,"43D5",172,"V","74SC0242",1,1,"P",4.9,NA,NA,3437,550,28,NA,4.5,1100,103,20,186,0.7,NA,210,3.7,-9,105,0.3,NA,-9,98,3,98,0.5,14.5,9.3,35.18,35.28,NA,NA,NA,NA,NA,NA,NA,NA,NA,NA,20231107
"HH","SCOROC",3,"GB-SCT","748S","GOV",97,"I2","P",272,272,2023,9,5,1159,"R2",30,"D",57.225,-14.002,57.242,-13.952,"43D5",161,"V",NA,1,1,"P",4.7,NA,NA,3531,515,28,NA,4.5,1100,103,19,186,0.7,NA,60,3.8,-9,129,0.2,NA,-9,100,5,100,0.5,-9,-9,-9,-9,NA,NA,NA,NA,NA,NA,NA,NA,NA,NA,20231107
"HH","SCOROC",3,"GB-SCT","748S","GOV",97,"I2","P",273,273,2023,9,5,1356,"R2",30,"D",57.276,-13.696,57.248,-13.717,"43D6",171,"V",NA,1,1,"P",5.1,NA,NA,3409,543,28,NA,4.5,1100,96,18,186,0.7,NA,200,3.7,-9,221,0.4,NA,-9,80,6,80,0.5,-9,-9,-9,-9,NA,NA,NA,NA,NA,NA,NA,NA,NA,NA,20231107
"HH","SCOROC",3,"GB-SCT","748S","GOV",97,"I2","P",274,274,2023,9,5,1531,"R2",30,"D",57.144,-13.801,57.134,-13.858,"43D6",177,"V","74SC0243",1,1,"P",4.8,NA,NA,3631,570,28,NA,4.5,1100,100,19,186,0.7,NA,250,3.9,-9,200,0.3,NA,-9,80,6,80,0.7,14.7,9.4,35.19,35.3,NA,NA,NA,NA,NA,NA,NA,NA,NA,NA,20231107
"HH","SCOROC",3,"GB-SCT","748S","GOV",97,"I2","P",275,275,2023,9,6,608,"R2",30,"D",57.126,-14.168,57.105,-14.208,"43D5",160,"V","74SC0244",1,1,"P",4.8,NA,NA,3435,513,28,NA,4.5,1100,102,19,186,0.7,NA,220,3.7,-9,314,0.2,NA,-9,121,8,121,0.3,14.6,9.4,35.18,35.3,NA,NA,NA,NA,NA,NA,NA,NA,NA,NA,20231107
"HH","SCOROC",3,"GB-SCT","748S","GOV",97,"I2","P",276,276,2023,9,6,812,"R2",20,"D",57.121,-14.403,57.102,-14.418,"43D5",190,"V",NA,1,1,"P",4.8,NA,NA,2296,600,28,NA,4.5,1100,105,20,186,0.7,NA,190,3.8,-9,27,0.2,NA,-9,152,9,152,0.5,-9,-9,-9,-9,NA,NA,NA,NA,NA,NA,NA,NA,NA,NA,20231107
"HH","SCOROC",3,"GB-SCT","748S","GOV",97,"I2","P",277,277,2023,9,6,1015,"R2",20,"D",56.902,-14.454,56.903,-14.491,"42D5",183,"V",NA,1,1,"P",4.9,NA,NA,2279,585,28,NA,4.5,1100,102,19,186,0.7,NA,260,3.7,-9,36,0.2,NA,-9,182,8,182,0.7,-9,-9,-9,-9,NA,NA,NA,NA,NA,NA,NA,NA,NA,NA,20231107
"HH","SCOROC",3,"GB-SCT","748S","GOV",97,"I2","P",278,278,2023,9,6,1229,"R3",30,"D",56.931,-14.926,56.9,-14.921,"42D5",250,"V","74SC0245",1,1,"P",4.6,NA,NA,3422,783,28,NA,4.5,1100,106,20,186,0.7,NA,175,3.7,-9,89,0.1,NA,-9,160,9,160,0.4,14.7,9.4,35.2,35.29,NA,NA,NA,NA,NA,NA,NA,NA,NA,NA,20231107
"HH","SCOROC",3,"GB-SCT","748S","GOV",97,"I2","P",279,279,2023,9,6,1443,"R2",25,"D",56.826,-14.729,56.801,-14.736,"42D5",185,"V","74SC0246",1,1,"P",4.7,NA,NA,2893,590,28,NA,4.5,1100,104,20,186,0.7,NA,185,3.7,-9,1,0.1,NA,-9,150,10,150,1.2,14.6,9.3,35.18,35.29,NA,NA,NA,NA,NA,NA,NA,NA,NA,NA,20231107
"HH","SCOROC",3,"GB-SCT","748S","GOV",97,"I2","P",280,280,2023,9,7,604,"R4",30,"D",56.438,-15.386,56.409,-15.402,"41D4",312,"V","74SC0247",1,1,"P",4.4,NA,NA,3343,970,28,NA,4.5,1100,110,20,186,0.7,NA,190,3.6,-9,79,0.2,NA,-9,160,1,160,1.2,14.7,9.5,35.2,35.31,NA,NA,NA,NA,NA,NA,NA,NA,NA,NA,20231107
"HH","SCOROC",3,"GB-SCT","748S","GOV",97,"I2","P",281,281,2023,9,7,753,"R4",30,"D",56.525,-15.252,56.554,-15.228,"42D4",285,"V",NA,1,1,"P",4.5,NA,NA,3574,883,28,NA,4.5,1100,108,20,186,0.7,NA,30,3.9,-9,111,0.1,NA,-9,171,13,170,2,-9,-9,-9,-9,NA,NA,NA,NA,NA,NA,NA,NA,NA,NA,20231107
"HH","SCOROC",3,"GB-SCT","748S","GOV",97,"I2","P",282,282,2023,9,7,953,"R2",20,"D",56.563,-14.91,56.568,-14.874,"42D5",196,"V",NA,1,1,"P",4.6,NA,NA,2307,620,28,NA,4.5,1100,106,23,186,0.7,NA,78,3.7,-9,NA,-9,NA,-9,185,13,185,2,-9,-9,-9,-9,NA,NA,NA,NA,NA,NA,NA,NA,NA,NA,20231107
"HH","SCOROC",3,"GB-SCT","748S","GOV",97,"I2","P",283,283,2023,9,7,1226,"R4",30,"D",56.674,-15.142,56.704,-15.122,"42D4",295,"V","74SC0248",1,1,"P",4.2,NA,NA,3532,910,28,NA,4.5,1100,108,20,186,0.7,NA,20,3.8,-9,53,0.1,NA,-9,198,8,198,2,14.7,9.4,35.21,35.3,NA,NA,NA,NA,NA,NA,NA,NA,NA,NA,20231107
"HH","SCOROC",3,"GB-SCT","748S","GOV",97,"I2","P",284,284,2023,9,7,1438,"R3",30,"D",56.754,-14.919,56.784,-14.937,"42D5",217,"V","74SC0249",1,1,"P",4.6,NA,NA,3492,660,28,NA,4.5,1100,102,19,186,0.7,NA,335,3.8,-9,185,0.2,NA,-9,225,10,225,2,14.7,9.4,35.2,35.29,NA,NA,NA,NA,NA,NA,NA,NA,NA,NA,20231107
"HH","SCOROC",3,"GB-SCT","748S","GOV",97,"I2","P",285,285,2023,9,8,556,"R3",30,"D",56.419,-15.129,56.405,-15.078,"41D4",225,"V","74SC0250",1,1,"P",4.5,NA,NA,3454,720,28,NA,4.5,1100,105,20,186,0.7,NA,120,3.7,-9,67,0.1,NA,-9,237,6,237,0.5,14.9,9.5,35.19,35.3,NA,NA,NA,NA,NA,NA,NA,NA,NA,NA,20231107
"HH","SCOROC",3,"GB-SCT","748S","GOV",97,"I2","P",286,286,2023,9,8,744,"R3",30,"D",56.285,-14.856,56.256,-14.837,"41D5",225,"V",NA,1,1,"P",4.6,NA,NA,3498,713,28,NA,4.5,1100,102,19,186,0.7,NA,160,3.8,-9,206,0.1,NA,-9,240,4,240,0.5,-9,-9,-9,-9,NA,NA,NA,NA,NA,NA,NA,NA,NA,NA,20231107
"HH","SCOROC",3,"GB-SCT","748S","GOV",97,"I2","P",287,287,2023,9,8,933,"R3",30,"D",56.183,-15.063,56.154,-15.083,"41D4",240,"V",NA,1,1,"P",4.3,NA,NA,3419,750,28,NA,4.5,1100,107,20,186,0.7,NA,197,3.7,-9,130,0.2,NA,-9,251,4,251,0.3,-9,-9,-9,-9,NA,NA,NA,NA,NA,NA,NA,NA,NA,NA,20231107
"HH","SCOROC",3,"GB-SCT","748S","GOV",97,"I2","P",288,288,2023,9,8,1128,"R4",30,"D",56.025,-14.993,56.005,-15.034,"41D5",282,"V","74SC0251",1,1,"P",4.2,NA,NA,3446,875,28,NA,4.5,1100,110,20,186,0.7,NA,228,3.7,-9,153,0.3,NA,-9,220,4,220,0.3,15,9.5,35.25,35.31,NA,NA,NA,NA,NA,NA,NA,NA,NA,NA,20231107
"HH","SCOROC",3,"GB-SCT","748S","GOV",97,"I2","P",289,289,2023,9,8,1352,"R5",30,"D",55.887,-15.224,55.868,-15.267,"40D4",360,"V",NA,1,1,"P",4,NA,NA,3426,1100,28,NA,4.5,1100,112,21,186,0.7,NA,230,3.7,-9,230,0.2,NA,-9,250,6,250,0.3,-9,-9,-9,-9,NA,NA,NA,NA,NA,NA,NA,NA,NA,NA,20231107
"HH","SCOROC",3,"GB-SCT","748S","GOV",97,"I2","P",290,290,2023,9,8,1606,"R4",30,"D",55.925,-15.392,55.953,-15.368,"40D4",310,"V","74SC0252",1,1,"P",4.1,NA,NA,3443,960,28,NA,4.5,1100,108,20,186,0.7,NA,15,3.7,-9,25,0.1,NA,-9,222,8,222,0.5,15.1,9.6,35.23,35.32,NA,NA,NA,NA,NA,NA,NA,NA,NA,NA,20231107
"HH","SCOROC",3,"GB-SCT","748S","GOV",97,"I2","P",291,291,2023,9,9,601,"R4",30,"D",56.115,-14.781,56.138,-14.744,"41D5",320,"V","74SC0253",1,1,"P",4.2,NA,NA,3457,990,28,NA,4.5,1100,112,20,186,0.7,NA,40,3.7,-9,254,0.2,NA,-9,300,10,300,1.2,14.8,9.5,35.25,35.3,NA,NA,NA,NA,NA,NA,NA,NA,NA,NA,20231107
"HH","SCOROC",3,"GB-SCT","748S","GOV",97,"I2","P",292,292,2023,9,9,850,"R3",30,"D",56.439,-14.574,56.469,-14.551,"41D5",212,"V",NA,1,1,"P",4.7,NA,NA,3592,660,28,NA,4.5,1100,100,19,186,0.7,NA,15,3.9,-9,211,0.2,NA,-9,294,12,294,1.2,-9,-9,-9,-9,NA,NA,NA,NA,NA,NA,NA,NA,NA,NA,20231107
"HH","SCOROC",3,"GB-SCT","748S","GOV",97,"I2","P",293,293,2023,9,9,1054,"R3",30,"D",56.453,-14.852,56.439,-14.902,"41D5",205,"V","74SC0254",1,1,"P",4.7,NA,NA,3442,645,28,NA,4.5,1100,104,19,186,0.7,NA,250,3.7,-9,157,0.1,NA,-9,273,9,273,1.1,14.9,9.3,35.22,35.29,NA,NA,NA,NA,NA,NA,NA,NA,NA,NA,20231107
"HH","SCOROC",3,"GB-SCT","748S","GOV",97,"I2","P",294,294,2023,9,9,1324,"R2",30,"D",56.583,-14.751,56.597,-14.7,"42D5",196,"V",NA,1,1,"P",4.9,NA,NA,3516,615,28,NA,4.5,1100,100,20,186,0.7,NA,55,3.8,-9,351,0.1,NA,-9,262,6,260,1.2,-9,-9,-9,-9,NA,NA,NA,NA,NA,NA,NA,NA,NA,NA,20231107
"HH","SCOROC",3,"GB-SCT","748S","GOV",97,"I2","P",295,295,2023,9,9,1521,"R2",30,"D",56.602,-14.507,56.612,-14.452,"42D5",196,"V","74SC0255",1,1,"P",4.4,NA,NA,3587,610,28,NA,4.5,1100,102,19,186,0.7,NA,65,3.8,-9,99,0.1,NA,-9,279,7,280,1.5,14.8,9.4,35.21,35.3,NA,NA,NA,NA,NA,NA,NA,NA,NA,NA,20231107
"HH","SCOROC",3,"GB-SCT","748S","GOV",97,"I2","P",296,296,2023,9,10,559,"R3",30,"D",56.712,-14.076,56.729,-14.031,"42D5",243,"V","74SC0256",1,1,"P",4.4,NA,NA,3369,755,28,NA,4.5,1100,106,19,186,0.7,NA,50,3.7,-9,154,0.2,NA,-9,230,3,230,1,14.8,9.3,35.22,35.29,NA,NA,NA,NA,NA,NA,NA,NA,NA,NA,20231107
"HH","SCOROC",3,"GB-SCT","748S","GOV",97,"I2","P",297,297,2023,9,10,835,"R2",6,"D",56.777,-14.453,56.782,-14.449,"42D5",189,"I",NA,0,0,"P",4.9,NA,NA,612,600,28,NA,4.5,1100,102,19,186,0.7,NA,15,3.6,-9,229,0.4,NA,-9,220,8,220,1.2,-9,-9,-9,-9,NA,NA,NA,NA,NA,NA,NA,NA,NA,NA,20231107
"HH","SCOROC",3,"GB-SCT","748S","GOV",97,"I2","P",298,298,2023,9,10,923,"R2",15,"D",56.791,-14.457,56.777,-14.467,"42D5",188,"V",NA,1,1,"P",4.8,NA,NA,1687,567,28,NA,4.5,1100,102,19,186,0.7,NA,205,3.7,-9,229,0.4,NA,-9,220,8,220,1.2,-9,-9,-9,-9,NA,NA,NA,NA,NA,NA,NA,NA,NA,NA,20231107
"HH","SCOROC",3,"GB-SCT","748S","GOV",97,"I2","P",299,299,2023,9,10,1117,"R2",30,"D",56.872,-14.141,56.902,-14.123,"42D5",188,"V","74SC0257",1,1,"P",4.8,NA,NA,3457,588,28,NA,4.5,1100,99,19,186,0.7,NA,10,3.7,-9,240,0.2,NA,-9,255,13,255,1.2,14.8,9.2,35.19,35.28,NA,NA,NA,NA,NA,NA,NA,NA,NA,NA,20231107
"HH","SCOROC",3,"GB-SCT","748S","GOV",97,"I2","P",300,300,2023,9,10,1313,"R2",30,"D",56.897,-13.906,56.918,-13.862,"42D6",189,"V",NA,1,1,"P",4.9,NA,NA,3552,596,28,NA,4.5,1100,99,18,186,0.7,NA,45,3.8,-9,286,0.2,NA,-9,229,8,230,1.2,-9,-9,-9,-9,NA,NA,NA,NA,NA,NA,NA,NA,NA,NA,20231107
"HH","SCOROC",3,"GB-SCT","748S","GOV",97,"I2","P",301,301,2023,9,10,1503,"R4",30,"D",56.886,-13.627,56.869,-13.672,"42D6",324,"V","74SC0258",1,1,"P",4.5,NA,NA,3352,1008,28,NA,4.5,1100,111,21,186,0.7,NA,230,3.6,-9,136,0.5,NA,-9,215,9,215,1.2,14.7,9.5,35.22,35.31,NA,NA,NA,NA,NA,NA,NA,NA,NA,NA,20231107
"HH","SCOROC",3,"GB-SCT","748S","GOV",97,"I2","P",302,302,2023,9,11,556,"R3",30,"D",57.111,-13.41,57.136,-13.376,"43D6",221,"V","74SC0259",1,1,"P",4.6,NA,NA,3415,690,28,NA,4.5,1100,104,20,186,0.7,NA,30,3.7,-9,114,0.4,NA,-9,300,13,300,1.5,14.7,9.5,35.21,35.3,NA,NA,NA,NA,NA,NA,NA,NA,NA,NA,20231107
"HH","SCOROC",3,"GB-SCT","748S","GOV",97,"I2","P",303,303,2023,9,11,749,"R3",30,"D",57.254,-13.402,57.284,-13.392,"43D6",212,"V",NA,1,1,"P",4.8,NA,NA,3415,665,28,NA,4.5,1100,103,19,186,0.7,NA,10,3.7,-9,186,0.2,NA,-9,290,12,290,1.2,-9,-9,-9,-9,NA,NA,NA,NA,NA,NA,NA,NA,NA,NA,20231107
"HH","SCOROC",3,"GB-SCT","748S","GOV",97,"I2","P",304,304,2023,9,11,946,"R4",30,"D",57.315,-13.062,57.345,-13.046,"43D6",300,"V",NA,1,1,"P",4.4,NA,NA,3510,920,28,NA,4.5,1100,116,21,186,0.7,NA,358,3.8,-9,134,0.2,NA,-9,305,8,305,1.2,-9,-9,-9,-9,NA,NA,NA,NA,NA,NA,NA,NA,NA,NA,20231107
"HH","SCOROC",3,"GB-SCT","748S","GOV",97,"I2","P",305,305,2023,9,11,1205,"R4",30,"D",57.534,-13.21,57.564,-13.208,"44D6",230,"V","74SC0260",1,1,"P",4.5,NA,NA,3361,712,28,NA,4.5,1100,107,20,186,0.7,NA,356,3.6,-9,182,0.1,NA,-9,300,12,300,1.4,14.6,9.4,35.2,35.3,NA,NA,NA,NA,NA,NA,NA,NA,NA,NA,20231107
"HH","SCOROC",3,"GB-SCT","748S","GOV",97,"I2","P",306,306,2023,9,11,1420,"R4",30,"D",57.551,-12.987,57.582,-12.991,"44D7",305,"V","74SC0261",1,1,"P",4.5,NA,NA,3479,953,28,NA,4.5,1100,113,21,186,0.7,NA,355,3.8,-9,313,0.2,NA,-9,266,13,268,2,14.6,9.5,35.22,35.31,NA,NA,NA,NA,NA,NA,NA,NA,NA,NA,20231107
