"","avgsect","SEsect","avgsect","SEsect","avg","SE"
"Eledone cirrhosa_P01_p",0.177644781144781,0.0490204649912323,0.0350986504388144,0.0145290732300203,0.113354104818985,0.0276977328806483
"Eledone cirrhosa_P01_n",1.80597643097643,0.349973624281426,0.233503063421096,0.0980372163810733,1.09676478276293,0.197152002547537
"Eledone cirrhosa_P02_p",0.830933407811936,0.159392129552631,0.116807074829932,0.0299336680885542,0.508127224083908,0.0883840596576821
"Eledone cirrhosa_P02_n",9.16982238382738,1.85901958453467,0.989151927437642,0.283016707390538,5.47191784173239,1.02668959067489
"Eledone cirrhosa_P03_p",0.346058922558923,0.0908719923465941,0.0269472922905141,0.0109654717969166,0.202134268611618,0.0501317562811375
"Eledone cirrhosa_P03_n",2.98030303030303,0.667218548401374,0.166649748769223,0.0638934922623108,1.71129859279056,0.367423685795834
"Eledone cirrhosa_P04_p",0.602036560569572,0.0946871422518501,0.0286242620830621,0.0136469369046686,0.343418074745712,0.0523447949622622
"Eledone cirrhosa_P04_n",5.11093010602893,0.890202965935924,0.191922553808818,0.0912400854211471,2.89237586805904,0.490436078918008
"Eledone cirrhosa_P05_p",2.64781416887738,0.668978401652728,0.196553497645595,0.0493524926216658,1.54225482732367,0.367931926348165
"Eledone cirrhosa_P05_n",20.704631598188,5.94297386151663,1.49046669254504,0.398941007455438,12.0387235815948,3.26755147661434
"Eledone cirrhosa_P06_p",1.08515317698508,0.262797629146729,0.116918704571312,0.0411296637513262,0.648463322513808,0.145459210437367
"Eledone cirrhosa_P06_n",7.46155496584095,1.52485778340098,0.633557767921304,0.219845454162762,4.38201463997701,0.842973312951137
"Eledone cirrhosa_P07_p",5.14700026103695,0.670381071151954,1.07531871816876,0.25822072512807,3.31060414928124,0.386015557456456
"Eledone cirrhosa_P07_n",40.2264599352925,5.58916761287697,6.75174922726573,1.68824024661977,25.1288085253876,3.16142380908772
"Eledone cirrhosa_P08_p",0.851316239874897,0.228838532052696,0.120233686914274,0.0387313008775963,0.521585846303008,0.126837214550453
"Eledone cirrhosa_P08_n",7.66593906116023,2.10242221941713,1.29182817338622,0.459999293441905,4.79110901196086,1.17269279170637
"Eledone cirrhosa_P09_p",0.231944999012572,0.0691512870218746,0.0383579494553173,0.0194396665974489,0.144634019175289,0.0389622032768955
"Eledone cirrhosa_P09_n",1.94145652657242,0.460535015123029,0.27808129599979,0.133135982862542,1.1912466259075,0.259858817279358
"Eledone cirrhosa_P10_p",1.00883594278683,0.141335489512204,0.488024216587897,0.0944349115726298,0.773941190120396,0.0885120984458268
"Eledone cirrhosa_P10_n",6.02776730711115,0.878587547678728,3.1069756512747,0.587645260564057,4.71044168044924,0.550351894427513
"Eledone cirrhosa_P11_p",0.261329717630213,0.0738627328375965,0.0357964768146401,0.0213194207262418,0.159610474083078,0.0416738641454518
"Eledone cirrhosa_P11_n",1.63415706442588,0.466943331383074,0.123322124281303,0.0701590677015291,0.952745372382854,0.258289724683192
"Eledone cirrhosa_P12_p",1.35088618621047,0.298504877460333,0.0416830935580656,0.0171243352177233,0.760413811705505,0.164056111123559
"Eledone cirrhosa_P12_n",6.62755713909219,1.52058860666574,0.338238098500003,0.108016700324362,3.79096962355708,0.836198203123653
"Eledone cirrhosa_P13_p",2.00660571145614,0.556869374921715,0.382698309792508,0.0720718565094845,1.27419645821044,0.307435286429766
"Eledone cirrhosa_P13_n",10.4405304448152,3.03687555280455,2.09262893732571,0.376211184025831,6.67548799042065,1.67580631742952
"Eledone cirrhosa_P14_p",1.64125295252722,0.269241689433432,0.30694799903568,0.0946732778753415,1.03945922119277,0.153853130508094
"Eledone cirrhosa_P14_n",12.5785703034241,1.92032394323526,1.85107280617165,0.413003660841245,7.74029047102189,1.07055561512352
"Eledone cirrhosa_P15_p",2.8463843432157,0.435504059999157,1.24973718659595,0.342362571986938,2.12626991398239,0.28461239243661
"Eledone cirrhosa_P15_n",20.1375865320433,2.90870757608142,7.02131147540984,1.62472318311288,14.2219282809923,1.75693911757746
"Eledone cirrhosa_P16_p",4.74174139818861,0.822751308346411,0.774634078814016,0.297502223303535,2.95251000091061,0.471185495903159
"Eledone cirrhosa_P16_n",46.5125402919664,9.31780382571156,5.35228407975376,1.97491034947901,27.9485800040183,5.19228937665784
"Eledone cirrhosa_P17_p",1.95454503830842,0.468143257935003,0.149077100793865,0.0484219441964306,1.14024896297838,0.257929092523596
"Eledone cirrhosa_P17_n",19.7353742055076,4.93739294461215,1.28466383972912,0.34529790177734,11.4137968871158,2.71501680121941
"Eledone cirrhosa_P18_p",0.674871318549479,0.190016215011135,0.209943593776882,0.0644881058205798,0.465181180204722,0.108294612827471
"Eledone cirrhosa_P18_n",9.94108725659617,3.15649461821015,1.88467924507691,0.522386608108057,6.30751321812907,1.74880646037484
"Eledone cirrhosa_P19_p",0.684141430968018,0.160915447645347,0.141528211304184,0.0535447633869997,0.439413842062333,0.0915813341792051
"Eledone cirrhosa_P19_n",7.95494508637937,1.55519588639491,1.11788368111026,0.441152631687889,4.87131665220994,0.876654172769821
